400 8225.89444444
402 8229.58885542
403 8243.309375
404 8219.80564263
405 8229.62765957
406 8242.76760563
407 8226.56108597

411 8219.94508671
413 8230.91319444
414 8220.5
415 8259.88815789
416 8201.07142857
417 8244.55555556

419 8232.33333333
420 8246.27272727
421 8232.23913043
422 8229.41176471
423 8234.22177419
424 8240.77729258
425 8239.05932203
426 8230.58454106

429 8225.48
430 8230.48803828
431 8227.81527094
432 8211.29207921
434 8240.69230769
436 8232.66410256

438 8245.20048309
439 8258.375
440 8249.07068063
441 8244.10671937
443 8248.57175926
444 8215.17384106
445 8242.65025907

457 8235.70465116
459 8238.68429487
460 8234.0456621
461 8228.0221843
462 8249.05479452
463 8227.77358491
464 8218.58196721

467 8233.47969543
468 8213.54545455
469 8248.14247312
470 8232.22685185
471 8226.02923977
472 8235.05020921
473 8221.44556452
474 8221.25151515
